125  0.53583 644.19 684.35  637.83 535.83 409.77 635.73 0.57941 1136.85 639.96
375  0.48336 650.88 689.28  645.52 540.68 411.37 635.66 0.57971 1201.29 643.27
625  0.42378 655.07 684.69  650.74 543.96 412.45 635.52 0.58028 1234.12 645.30
875  0.36367 657.34 679.99  653.71 545.82 413.06 635.34 0.58106 1249.20 646.34
1125 0.30927 658.78 678.51  655.37 546.87 413.40 635.13 0.58196 1262.89 646.96
1375 0.26344 660.35 685.40  656.27 547.43 413.58 634.90 0.58294 1285.71 647.62
1625 0.22571 662.80 696.70  657.67 548.31 413.86 634.66 0.58397 1312.25 648.73
1875 0.19484 666.80 712.63  660.28 549.94 414.40 634.40 0.58505 1345.72 650.60
2125 0.16972 672.97 732.66  664.82 552.79 415.32 634.11 0.58623 1381.78 653.54
2375 0.14933 681.79 756.30  671.80 557.17 416.74 633.79 0.58756 1420.62 657.79
2625 0.13266 693.64 783.80  681.62 563.33 418.72 633.41 0.58910 1465.39 663.53
2875 0.11903 708.63 813.50  694.45 571.33 421.27 632.96 0.59092 1507.90 670.79
3125 0.10780 726.72 845.01  710.29 581.20 424.40 632.42 0.59307 1551.57 679.57
3375 0.09851 747.67 877.38  729.00 592.80 428.05 631.77 0.59561 1594.48 689.72
3625 0.09078 771.03 909.17  750.17 605.84 432.10 631.00 0.59860 1631.85 701.01
3875 0.08432 796.23 940.27  773.34 620.04 436.44 630.08 0.60206 1666.43 713.15
4125 0.07890 822.58 969.50  797.80 635.14 441.01 629.00 0.60603 1691.88 725.79
4375 0.07438 849.19 995.60  822.77 650.51 445.60 627.74 0.61054 1700.69 738.47
4625 0.07068 874.76 1015.29 846.94 665.38 449.98 626.29 0.61557 1676.94 750.53
4875 0.06771 898.22 1027.86 868.77 678.80 453.89 624.65 0.62109 1625.88 761.44
Pos(mm) Dupc  Tco   Tcla     Tlin   Tins   Tpt    Tdownc Ddownc	 Tfuel   Tct

